0 0.118787 0.665358 0.166266 0.558981
0 0.910137 0.207245 0.081160 0.302590
0 0.819156 0.163650 0.085105 0.252975
0 0.472890 0.288444 0.112574 0.475234
0 0.354420 0.168788 0.069388 0.266667
0 0.281772 0.164518 0.062827 0.258127
0 0.438861 0.743140 0.138776 0.400000
0 0.604462 0.283306 0.116519 0.482039
0 0.351804 0.424339 0.066772 0.210275
0 0.273914 0.422617 0.065464 0.203416
0 0.589409 0.749972 0.141392 0.389752
0 0.287004 0.740579 0.138776 0.384628
0 0.712458 0.199559 0.091624 0.324793
0 0.181624 0.204683 0.090338 0.348705
0 0.088681 0.202975 0.082468 0.348705
